1032
0123
0123
00000000000000000000000000000000000000000000000000000000000000000000000000000000
00000000000000000000000000000000000000000000000000000000000000000000000000000000
3102
0123
0123
00000000000000000000000000000000000000000000000000000000000000000000000000000000
00000000000000000000000000000000000000000000000000000000000000000000000000000000
0312
0123
0123
00000000000000000000000000000000000000000000000000000000000000000000000000000000
00000000000000000000000000000000000000000000000000000000000000000000000000000000
0123
0123
0123
00000000000000000000000000000000000000000000000000000000000000000000000000000000
00000000000000000000000000000000000000000000000000000000000000000000000000000000
1320
0123
0123
00000000000000000000000000000000000000000000000000000000000000000000000000000000
00000000000000000000000000000000000000000000000000000000000000000000000000000000
3012
0123
0123
00000000000000000000000000000000000000000000000000000000000000000000000000000000
00000000000000000000000000000000000000000000000000000000000000000000000000000000
0231
0123
0123
00000000000000000000000000000000000000000000000000000000000000000000000000000000
00000000000000000000000000000000000000000000000000000000000000000000000000000000
1302
0123
0123
00000000000000000000000000000000000000000000000000000000000000000000000000000000
00000000000000000000000000000000000000000000000000000000000000000000000000000000
3012
0123
0123
00000000000000000000000000000000000000000000000000000000000000000000000000000000
00000000000000000000000000000000000000000000000000000000000000000000000000000000
0312
0123
0123
0123
00000000000000000000000000000000000000000000000000000000000000000000000000000000
00000000000000000000000000000000000000000000000000000000000000000000000000000000
1203
0123
0123
0123
00000000000000000000000000000000000000000000000000000000000000000000000000000000
00000000000000000000000000000000000000000000000000000000000000000000000000000000
2130
0123
0123
0123
00000000000000000000000000000000000000000000000000000000000000000000000000000000
00000000000000000000000000000000000000000000000000000000000000000000000000000000
0312
0123
0123
0123
00000000000000000000000000000000000000000000000000000000000000000000000000000000
00000000000000000000000000000000000000000000000000000000000000000000000000000000
00000000000000000000000000000000000000000000000000000000000000000000000000000000
00000000000000000000000000000000000000000000000000000000000000000000000000000000
00000000000000000000000000000000000000000000000000000000000000000000000000000000
00000000000000000000000000000000000000000000000000000000000000000000000000000000
00000000000000000000000000000000000000000000000000000000000000000000000000000000
00000000000000000000000000000000000000000000000000000000000000000000000000000000
3012
0123
0123
0123
00000000000000000000000000000000000000000000000000000000000000000000000000000000
00000000000000000000000000000000000000000000000000000000000000000000000000000000
3102
0123
0123
0123
00000000000000000000000000000000000000000000000000000000000000000000000000000000
00000000000000000000000000000000000000000000000000000000000000000000000000000000
3201
0123
32321222221301311001230023222020313201203210032133023032113001122301223031003101
11233121322102020210320311002322020020122030033312200322333300322330003300222213
1203
00213123133321310311102133103233330311012112310121211113231331222021332023031210
31311020300132121000030210003121312220322131033122331011302103123020131103202210
0123
32221020020000322122022311012103011212202012202102221310112133233322102223033322
13023001323231003101201133012320000011310011103022323131332033023010131132323330
3120
00000000000000000000000000000000000000000000000000000000000000000000000000000000
00000000000000000000000000000000000000000000000000000000000000000000000000000000
0123
23233122313112301002011012120233021233031100303322003330130112331100120010003012
22212231223022023033110332333100131210212213121030331222113133221322011120203330
1320
12211011221211002120302122221011322300123123313220322001011210031112013013211002
33032020221203132311311000120312323032003000333010202303311300231101303011221331
3012
22223023121102223123123010002310123020011013201000302320000030002111101300011230
01202022130113232310313110131001311232110212123203032033210310302011033013220311
1032
33211111033123113210223202100110123033211010332323133322312111123111200323322113
20332332231131322133312322221213300221232211101332121101121203322121322322200333
0312
01121332122333303223110313100233210313130332100030011321321233322113333012302210
22311021032222110331013201121232003102312230031012203322001130221322011002303301
3102
31121203223323331120112133100000102210012022221333001211023212023002101011221020
11302233312320131301113101123320201200023310013132123210003103122103031203312230
0213
32233110322021313020321200003313122202122233300030323112220003330100303300312011
11122220021332001300032102323032131102211333330031103202031202013220112033331103
1320
31021201032031323321322120110333322022233001313120103102130132330102021131220332
33103121010121101222100023103223023012301300130130123120013311002023330213122132
3012
32130233212000312010213223301121131221111332000010112031311320010031123001011101
20222233003331130330200021112100100330313233232012111033002203221321110323121330
0123
21113111023301033001031301221300120310113101312021021213032012022202020212311120
13101031211112003100032332220023231211312021121032221202321111120011133020123122
2301
30310332313103113220321232031302000132231332301001130023020222132002021322221230
30020223203011322100131300100002322231021020322001223310133300222001100322233121
2301
02023103200033311310223132213232312122313120331333022001300111010102123233120200
01321011222130221133210022302211003210321303200021302101230121122000011333020133
2103
02121011002133021221321030012313121012031022323023002020120122321012300233110131
20201031033213113331233212001013311201133232313121032033121300230100331102030102
2310
03230212110130310111013232032220000123331020122201002202023332132133112331223101
12211100112230103113333102303303030100310322110110012121011302033233103212122211
2130
13033231313030000323303333311032222001020322231133211002212111332330231133132320
00313213002032101212132101232120333001233002322212200231311121122111132012003322
1230
23202333210102000323303231023222200302101322222023120031303230211020020101101103
02112101210302110103032311031023002310323323133130310212022210230213100312130330
0312
32012133302332231113113003300301321000012121332020122212220202112111032111212201
01102010003122222133323321120310003000301201303130131101331023303312220212211123
2301
22231313023333012131020110301312123120223133020132231202330220032001132232133220
23031200200331012120013320201210121212000323213013201201113322331300020013012120
2301
00310021223323203310111231332323233323311212032202103031302212312020203312231121
13231213121321001021232230113332310132332103022222021102121102203101122332111320
0213
21213130130310302031320213201101111201300022100200102333101021100212111201213131
32303220231100012100121301022011231211023311331130211302231203033013032331320101
1320
30200013001101330030110011333320322220012301030130223020322010131233011310223013
10121020011323131331221302330003111302313300320001001011030000111012202020112031
3102
